5d189d2602cc20f65984a46cbfc9fa2fffea5695,DELETE,regular-file,youtube.js,1796,